2017-05-06 16:34:08.665737 EDT | [Averaged_PolyRL/PolyRL_DDPG_Simple_Humanoid/Experiment_1] Populating workers...
2017-05-06 16:34:08.666193 EDT | [Averaged_PolyRL/PolyRL_DDPG_Simple_Humanoid/Experiment_1] Populated
2017-05-06 16:34:14.663718 EDT | [Averaged_PolyRL/PolyRL_DDPG_Simple_Humanoid/Experiment_1] epoch #0 | Training started
2017-05-06 16:34:14.664949 EDT | [Averaged_PolyRL/PolyRL_DDPG_Simple_Humanoid/Experiment_1] epoch #0 | Populating workers...
2017-05-06 16:34:14.665434 EDT | [Averaged_PolyRL/PolyRL_DDPG_Simple_Humanoid/Experiment_1] epoch #0 | Populated
2017-05-06 16:34:51.608838 EDT | [Averaged_PolyRL/PolyRL_DDPG_Simple_Humanoid/Experiment_1] epoch #0 | Training finished
2017-05-06 16:34:51.609757 EDT | [Averaged_PolyRL/PolyRL_DDPG_Simple_Humanoid/Experiment_1] epoch #1 | Training started
2017-05-06 16:34:51.610921 EDT | [Averaged_PolyRL/PolyRL_DDPG_Simple_Humanoid/Experiment_1] epoch #1 | Populating workers...
2017-05-06 16:34:51.611203 EDT | [Averaged_PolyRL/PolyRL_DDPG_Simple_Humanoid/Experiment_1] epoch #1 | Populated
2017-05-08 20:36:51.437169 EDT | [Averaged_PolyRL/PolyRL_DDPG_Simple_Humanoid/Experiment_1] Populating workers...
2017-05-08 20:36:51.437479 EDT | [Averaged_PolyRL/PolyRL_DDPG_Simple_Humanoid/Experiment_1] Populated
2017-05-08 20:36:55.511708 EDT | [Averaged_PolyRL/PolyRL_DDPG_Simple_Humanoid/Experiment_1] epoch #0 | Training started
2017-05-08 20:36:55.512143 EDT | [Averaged_PolyRL/PolyRL_DDPG_Simple_Humanoid/Experiment_1] epoch #0 | Populating workers...
2017-05-08 20:36:55.512362 EDT | [Averaged_PolyRL/PolyRL_DDPG_Simple_Humanoid/Experiment_1] epoch #0 | Populated
2017-05-08 20:37:34.791554 EDT | [Averaged_PolyRL/PolyRL_DDPG_Simple_Humanoid/Experiment_1] epoch #0 | Training finished
2017-05-08 20:37:34.792147 EDT | [Averaged_PolyRL/PolyRL_DDPG_Simple_Humanoid/Experiment_1] epoch #1 | Training started
2017-05-08 20:37:34.792819 EDT | [Averaged_PolyRL/PolyRL_DDPG_Simple_Humanoid/Experiment_1] epoch #1 | Populating workers...
2017-05-08 20:37:34.793074 EDT | [Averaged_PolyRL/PolyRL_DDPG_Simple_Humanoid/Experiment_1] epoch #1 | Populated
2017-05-08 20:38:14.675408 EDT | [Averaged_PolyRL/PolyRL_DDPG_Simple_Humanoid/Experiment_1] epoch #1 | Training finished
2017-05-08 20:38:14.675953 EDT | [Averaged_PolyRL/PolyRL_DDPG_Simple_Humanoid/Experiment_1] epoch #2 | Training started
2017-05-08 20:38:14.677702 EDT | [Averaged_PolyRL/PolyRL_DDPG_Simple_Humanoid/Experiment_1] epoch #2 | Populating workers...
2017-05-08 20:38:14.677945 EDT | [Averaged_PolyRL/PolyRL_DDPG_Simple_Humanoid/Experiment_1] epoch #2 | Populated
2017-05-08 20:38:52.796679 EDT | [Averaged_PolyRL/PolyRL_DDPG_Simple_Humanoid/Experiment_1] epoch #2 | Training finished
2017-05-08 20:38:52.797223 EDT | [Averaged_PolyRL/PolyRL_DDPG_Simple_Humanoid/Experiment_1] epoch #3 | Training started
2017-05-08 20:38:52.798517 EDT | [Averaged_PolyRL/PolyRL_DDPG_Simple_Humanoid/Experiment_1] epoch #3 | Populating workers...
2017-05-08 20:38:52.798740 EDT | [Averaged_PolyRL/PolyRL_DDPG_Simple_Humanoid/Experiment_1] epoch #3 | Populated
2017-05-08 20:39:29.889142 EDT | [Averaged_PolyRL/PolyRL_DDPG_Simple_Humanoid/Experiment_1] epoch #3 | Training finished
2017-05-08 20:39:29.889417 EDT | [Averaged_PolyRL/PolyRL_DDPG_Simple_Humanoid/Experiment_1] epoch #4 | Training started
2017-05-08 20:39:29.890741 EDT | [Averaged_PolyRL/PolyRL_DDPG_Simple_Humanoid/Experiment_1] epoch #4 | Populating workers...
2017-05-08 20:39:29.891094 EDT | [Averaged_PolyRL/PolyRL_DDPG_Simple_Humanoid/Experiment_1] epoch #4 | Populated
2017-05-08 20:40:08.391977 EDT | [Averaged_PolyRL/PolyRL_DDPG_Simple_Humanoid/Experiment_1] epoch #4 | Training finished
2017-05-08 20:40:08.392764 EDT | [Averaged_PolyRL/PolyRL_DDPG_Simple_Humanoid/Experiment_1] epoch #5 | Training started
2017-05-08 20:40:08.393932 EDT | [Averaged_PolyRL/PolyRL_DDPG_Simple_Humanoid/Experiment_1] epoch #5 | Populating workers...
2017-05-08 20:40:08.394134 EDT | [Averaged_PolyRL/PolyRL_DDPG_Simple_Humanoid/Experiment_1] epoch #5 | Populated
2017-05-08 20:40:45.370061 EDT | [Averaged_PolyRL/PolyRL_DDPG_Simple_Humanoid/Experiment_1] epoch #5 | Training finished
2017-05-08 20:40:45.370663 EDT | [Averaged_PolyRL/PolyRL_DDPG_Simple_Humanoid/Experiment_1] epoch #6 | Training started
2017-05-08 20:40:45.371910 EDT | [Averaged_PolyRL/PolyRL_DDPG_Simple_Humanoid/Experiment_1] epoch #6 | Populating workers...
2017-05-08 20:40:45.372244 EDT | [Averaged_PolyRL/PolyRL_DDPG_Simple_Humanoid/Experiment_1] epoch #6 | Populated
2017-05-08 20:41:24.669285 EDT | [Averaged_PolyRL/PolyRL_DDPG_Simple_Humanoid/Experiment_1] epoch #6 | Training finished
2017-05-08 20:41:24.669929 EDT | [Averaged_PolyRL/PolyRL_DDPG_Simple_Humanoid/Experiment_1] epoch #7 | Training started
2017-05-08 20:41:24.671315 EDT | [Averaged_PolyRL/PolyRL_DDPG_Simple_Humanoid/Experiment_1] epoch #7 | Populating workers...
2017-05-08 20:41:24.671617 EDT | [Averaged_PolyRL/PolyRL_DDPG_Simple_Humanoid/Experiment_1] epoch #7 | Populated
2017-05-08 20:42:01.384811 EDT | [Averaged_PolyRL/PolyRL_DDPG_Simple_Humanoid/Experiment_1] epoch #7 | Training finished
2017-05-08 20:42:01.385390 EDT | [Averaged_PolyRL/PolyRL_DDPG_Simple_Humanoid/Experiment_1] epoch #8 | Training started
2017-05-08 20:42:01.386627 EDT | [Averaged_PolyRL/PolyRL_DDPG_Simple_Humanoid/Experiment_1] epoch #8 | Populating workers...
2017-05-08 20:42:01.386816 EDT | [Averaged_PolyRL/PolyRL_DDPG_Simple_Humanoid/Experiment_1] epoch #8 | Populated
2017-05-08 20:42:39.516362 EDT | [Averaged_PolyRL/PolyRL_DDPG_Simple_Humanoid/Experiment_1] epoch #8 | Training finished
2017-05-08 20:42:39.516903 EDT | [Averaged_PolyRL/PolyRL_DDPG_Simple_Humanoid/Experiment_1] epoch #9 | Training started
2017-05-08 20:42:39.518178 EDT | [Averaged_PolyRL/PolyRL_DDPG_Simple_Humanoid/Experiment_1] epoch #9 | Populating workers...
2017-05-08 20:42:39.518463 EDT | [Averaged_PolyRL/PolyRL_DDPG_Simple_Humanoid/Experiment_1] epoch #9 | Populated
2017-05-08 20:43:18.757555 EDT | [Averaged_PolyRL/PolyRL_DDPG_Simple_Humanoid/Experiment_1] epoch #9 | Training finished
2017-05-08 20:43:18.758023 EDT | [Averaged_PolyRL/PolyRL_DDPG_Simple_Humanoid/Experiment_1] epoch #9 | Collecting samples for evaluation
2017-05-08 20:43:29.867867 EDT | -----------------------  ------------
2017-05-08 20:43:29.868534 EDT | Epoch                      9
2017-05-08 20:43:29.868809 EDT | AverageReturn             30.1315
2017-05-08 20:43:29.869086 EDT | StdReturn                 12.1692
2017-05-08 20:43:29.869340 EDT | MaxReturn                 54.1077
2017-05-08 20:43:29.869562 EDT | MinReturn                -28.7675
2017-05-08 20:43:29.869766 EDT | AverageEsReturn           41.1474
2017-05-08 20:43:29.870054 EDT | StdEsReturn               48.652
2017-05-08 20:43:29.870305 EDT | MaxEsReturn              124.472
2017-05-08 20:43:29.870512 EDT | MinEsReturn              -13.0501
2017-05-08 20:43:29.870696 EDT | AverageDiscountedReturn   22.1154
2017-05-08 20:43:29.870974 EDT | AverageQLoss               0.0126334
2017-05-08 20:43:29.871246 EDT | AveragePolicySurr         -0.117409
2017-05-08 20:43:29.871502 EDT | AverageQ                   0.0914318
2017-05-08 20:43:29.871729 EDT | AverageAbsQ                0.0914318
2017-05-08 20:43:29.871931 EDT | AverageY                  -0.00663746
2017-05-08 20:43:29.872165 EDT | AverageAbsY                0.00793727
2017-05-08 20:43:29.872400 EDT | AverageAbsQYDiff           0.0981862
2017-05-08 20:43:29.872593 EDT | AverageAction              0.999927
2017-05-08 20:43:29.872774 EDT | PolicyRegParamNorm        17.0473
2017-05-08 20:43:29.873001 EDT | QFunRegParamNorm          14.6878
2017-05-08 20:43:29.873263 EDT | AverageForwardProgress     0.161361
2017-05-08 20:43:29.873525 EDT | MaxForwardProgress         0.344333
2017-05-08 20:43:29.873765 EDT | MinForwardProgress        -0.57644
2017-05-08 20:43:29.873974 EDT | StdForwardProgress         0.134989
2017-05-08 20:43:29.874171 EDT | -----------------------  ------------
2017-05-08 20:43:29.874597 EDT | [Averaged_PolyRL/PolyRL_DDPG_Simple_Humanoid/Experiment_1] epoch #10 | Training started
2017-05-08 20:43:29.875896 EDT | [Averaged_PolyRL/PolyRL_DDPG_Simple_Humanoid/Experiment_1] epoch #10 | Populating workers...
2017-05-08 20:43:29.876208 EDT | [Averaged_PolyRL/PolyRL_DDPG_Simple_Humanoid/Experiment_1] epoch #10 | Populated
2017-05-08 20:44:16.278946 EDT | [Averaged_PolyRL/PolyRL_DDPG_Simple_Humanoid/Experiment_1] epoch #10 | Training finished
2017-05-08 20:44:16.279693 EDT | [Averaged_PolyRL/PolyRL_DDPG_Simple_Humanoid/Experiment_1] epoch #10 | Collecting samples for evaluation
2017-05-08 20:44:27.238495 EDT | -----------------------  -------------
2017-05-08 20:44:27.239188 EDT | Epoch                     10
2017-05-08 20:44:27.239337 EDT | AverageReturn             23.0071
2017-05-08 20:44:27.239483 EDT | StdReturn                 13.314
2017-05-08 20:44:27.239625 EDT | MaxReturn                 52.7381
2017-05-08 20:44:27.239779 EDT | MinReturn                -27.602
2017-05-08 20:44:27.239950 EDT | AverageEsReturn           28.2276
2017-05-08 20:44:27.240147 EDT | StdEsReturn               12.9737
2017-05-08 20:44:27.240331 EDT | MaxEsReturn               52.5151
2017-05-08 20:44:27.240514 EDT | MinEsReturn                0.180782
2017-05-08 20:44:27.240656 EDT | AverageDiscountedReturn   17.7156
2017-05-08 20:44:27.240805 EDT | AverageQLoss               0.000120794
2017-05-08 20:44:27.240968 EDT | AveragePolicySurr          0.000419236
2017-05-08 20:44:27.241112 EDT | AverageQ                  -0.00168678
2017-05-08 20:44:27.241259 EDT | AverageAbsQ                0.00716424
2017-05-08 20:44:27.241406 EDT | AverageY                  -0.00254113
2017-05-08 20:44:27.241546 EDT | AverageAbsY                0.00618259
2017-05-08 20:44:27.241687 EDT | AverageAbsQYDiff           0.00305934
2017-05-08 20:44:27.241884 EDT | AverageAction              0.999977
2017-05-08 20:44:27.242066 EDT | PolicyRegParamNorm        17.3034
2017-05-08 20:44:27.242281 EDT | QFunRegParamNorm          14.9712
2017-05-08 20:44:27.242535 EDT | AverageForwardProgress     0.0964092
2017-05-08 20:44:27.242768 EDT | MaxForwardProgress         0.36971
2017-05-08 20:44:27.242997 EDT | MinForwardProgress        -0.592754
2017-05-08 20:44:27.243171 EDT | StdForwardProgress         0.153365
2017-05-08 20:44:27.243429 EDT | -----------------------  -------------
2017-05-08 20:44:27.243805 EDT | [Averaged_PolyRL/PolyRL_DDPG_Simple_Humanoid/Experiment_1] epoch #11 | Training started
2017-05-08 20:44:27.245062 EDT | [Averaged_PolyRL/PolyRL_DDPG_Simple_Humanoid/Experiment_1] epoch #11 | Populating workers...
2017-05-08 20:44:27.245251 EDT | [Averaged_PolyRL/PolyRL_DDPG_Simple_Humanoid/Experiment_1] epoch #11 | Populated
2017-05-08 20:45:12.250298 EDT | [Averaged_PolyRL/PolyRL_DDPG_Simple_Humanoid/Experiment_1] epoch #11 | Training finished
2017-05-08 20:45:12.250781 EDT | [Averaged_PolyRL/PolyRL_DDPG_Simple_Humanoid/Experiment_1] epoch #11 | Collecting samples for evaluation
2017-05-08 20:45:24.773378 EDT | -----------------------  -------------
2017-05-08 20:45:24.773954 EDT | Epoch                     11
2017-05-08 20:45:24.774175 EDT | AverageReturn             24.2454
2017-05-08 20:45:24.774376 EDT | StdReturn                 13.4929
2017-05-08 20:45:24.774570 EDT | MaxReturn                 48.4616
2017-05-08 20:45:24.774748 EDT | MinReturn                -32.808
2017-05-08 20:45:24.774924 EDT | AverageEsReturn           22.4303
2017-05-08 20:45:24.775129 EDT | StdEsReturn                8.56248
2017-05-08 20:45:24.775316 EDT | MaxEsReturn               36.9259
2017-05-08 20:45:24.775501 EDT | MinEsReturn                7.80736
2017-05-08 20:45:24.775678 EDT | AverageDiscountedReturn   18.2104
2017-05-08 20:45:24.775851 EDT | AverageQLoss               6.94774e-06
2017-05-08 20:45:24.776023 EDT | AveragePolicySurr         -0.00667396
2017-05-08 20:45:24.776205 EDT | AverageQ                   0.0018363
2017-05-08 20:45:24.776377 EDT | AverageAbsQ                0.00867984
2017-05-08 20:45:24.776553 EDT | AverageY                   0.00182075
2017-05-08 20:45:24.776723 EDT | AverageAbsY                0.00890821
2017-05-08 20:45:24.776892 EDT | AverageAbsQYDiff           0.00173082
2017-05-08 20:45:24.777073 EDT | AverageAction              1
2017-05-08 20:45:24.777250 EDT | PolicyRegParamNorm        17.4829
2017-05-08 20:45:24.777422 EDT | QFunRegParamNorm          15.1119
2017-05-08 20:45:24.777600 EDT | AverageForwardProgress     0.100605
2017-05-08 20:45:24.777769 EDT | MaxForwardProgress         0.331074
2017-05-08 20:45:24.777939 EDT | MinForwardProgress        -0.575383
2017-05-08 20:45:24.778109 EDT | StdForwardProgress         0.161791
2017-05-08 20:45:24.778277 EDT | -----------------------  -------------
2017-05-08 20:45:24.778553 EDT | [Averaged_PolyRL/PolyRL_DDPG_Simple_Humanoid/Experiment_1] epoch #12 | Training started
2017-05-08 20:45:24.779748 EDT | [Averaged_PolyRL/PolyRL_DDPG_Simple_Humanoid/Experiment_1] epoch #12 | Populating workers...
2017-05-08 20:45:24.779991 EDT | [Averaged_PolyRL/PolyRL_DDPG_Simple_Humanoid/Experiment_1] epoch #12 | Populated
2017-05-08 20:46:12.727280 EDT | [Averaged_PolyRL/PolyRL_DDPG_Simple_Humanoid/Experiment_1] epoch #12 | Training finished
2017-05-08 20:46:12.728148 EDT | [Averaged_PolyRL/PolyRL_DDPG_Simple_Humanoid/Experiment_1] epoch #12 | Collecting samples for evaluation
2017-05-08 20:46:26.228414 EDT | -----------------------  -------------
2017-05-08 20:46:26.229805 EDT | Epoch                     12
2017-05-08 20:46:26.230022 EDT | AverageReturn             24.925
2017-05-08 20:46:26.230215 EDT | StdReturn                 11.9876
2017-05-08 20:46:26.230403 EDT | MaxReturn                 47.6185
2017-05-08 20:46:26.230590 EDT | MinReturn                -29.103
2017-05-08 20:46:26.230777 EDT | AverageEsReturn           18.853
2017-05-08 20:46:26.230964 EDT | StdEsReturn                9.90436
2017-05-08 20:46:26.231154 EDT | MaxEsReturn               31.4823
2017-05-08 20:46:26.231337 EDT | MinEsReturn               -3.8337
2017-05-08 20:46:26.231520 EDT | AverageDiscountedReturn   18.6237
2017-05-08 20:46:26.231712 EDT | AverageQLoss               8.05568e-06
2017-05-08 20:46:26.231902 EDT | AveragePolicySurr         -0.0129615
2017-05-08 20:46:26.232086 EDT | AverageQ                   0.0101543
2017-05-08 20:46:26.232272 EDT | AverageAbsQ                0.0130715
2017-05-08 20:46:26.232455 EDT | AverageY                   0.0101481
2017-05-08 20:46:26.232639 EDT | AverageAbsY                0.0131755
2017-05-08 20:46:26.232822 EDT | AverageAbsQYDiff           0.00168212
2017-05-08 20:46:26.233018 EDT | AverageAction              1
2017-05-08 20:46:26.233209 EDT | PolicyRegParamNorm        17.4836
2017-05-08 20:46:26.233399 EDT | QFunRegParamNorm          15.3265
2017-05-08 20:46:26.233588 EDT | AverageForwardProgress     0.116477
2017-05-08 20:46:26.233771 EDT | MaxForwardProgress         0.333737
2017-05-08 20:46:26.233955 EDT | MinForwardProgress        -0.582356
2017-05-08 20:46:26.234137 EDT | StdForwardProgress         0.131885
2017-05-08 20:46:26.234319 EDT | -----------------------  -------------
2017-05-08 20:46:26.234621 EDT | [Averaged_PolyRL/PolyRL_DDPG_Simple_Humanoid/Experiment_1] epoch #13 | Training started
2017-05-08 20:46:26.235805 EDT | [Averaged_PolyRL/PolyRL_DDPG_Simple_Humanoid/Experiment_1] epoch #13 | Populating workers...
2017-05-08 20:46:26.236057 EDT | [Averaged_PolyRL/PolyRL_DDPG_Simple_Humanoid/Experiment_1] epoch #13 | Populated
2017-05-08 20:47:18.897934 EDT | [Averaged_PolyRL/PolyRL_DDPG_Simple_Humanoid/Experiment_1] epoch #13 | Training finished
2017-05-08 20:47:18.898454 EDT | [Averaged_PolyRL/PolyRL_DDPG_Simple_Humanoid/Experiment_1] epoch #13 | Collecting samples for evaluation
2017-05-08 20:47:32.886152 EDT | -----------------------  -------------
2017-05-08 20:47:32.889070 EDT | Epoch                     13
2017-05-08 20:47:32.889535 EDT | AverageReturn             25.9001
2017-05-08 20:47:32.889783 EDT | StdReturn                 11.5104
2017-05-08 20:47:32.890011 EDT | MaxReturn                 45.9927
2017-05-08 20:47:32.890216 EDT | MinReturn                -32.2162
2017-05-08 20:47:32.891529 EDT | AverageEsReturn           14.1981
2017-05-08 20:47:32.891916 EDT | StdEsReturn               18.4029
2017-05-08 20:47:32.892144 EDT | MaxEsReturn               34.1726
2017-05-08 20:47:32.892347 EDT | MinEsReturn              -24.4054
2017-05-08 20:47:32.892555 EDT | AverageDiscountedReturn   19.3908
2017-05-08 20:47:32.892797 EDT | AverageQLoss               8.63375e-06
2017-05-08 20:47:32.898482 EDT | AveragePolicySurr         -0.0176868
2017-05-08 20:47:32.903014 EDT | AverageQ                   0.0153568
2017-05-08 20:47:32.905351 EDT | AverageAbsQ                0.0179571
2017-05-08 20:47:32.907204 EDT | AverageY                   0.0153448
2017-05-08 20:47:32.907401 EDT | AverageAbsY                0.0180476
2017-05-08 20:47:32.908878 EDT | AverageAbsQYDiff           0.00169308
2017-05-08 20:47:32.909420 EDT | AverageAction              1
2017-05-08 20:47:32.909731 EDT | PolicyRegParamNorm        17.4837
2017-05-08 20:47:32.913064 EDT | QFunRegParamNorm          15.5519
2017-05-08 20:47:32.914914 EDT | AverageForwardProgress     0.126506
2017-05-08 20:47:32.916721 EDT | MaxForwardProgress         0.327788
2017-05-08 20:47:32.918478 EDT | MinForwardProgress        -0.527397
2017-05-08 20:47:32.920330 EDT | StdForwardProgress         0.121114
2017-05-08 20:47:32.923004 EDT | -----------------------  -------------
2017-05-08 20:47:32.923403 EDT | [Averaged_PolyRL/PolyRL_DDPG_Simple_Humanoid/Experiment_1] epoch #14 | Training started
2017-05-08 20:47:32.924842 EDT | [Averaged_PolyRL/PolyRL_DDPG_Simple_Humanoid/Experiment_1] epoch #14 | Populating workers...
2017-05-08 20:47:32.927194 EDT | [Averaged_PolyRL/PolyRL_DDPG_Simple_Humanoid/Experiment_1] epoch #14 | Populated
