2017-05-14 01:23:06.857219 EDT | [Paper_Final_Averaged_DDPG_Extended/CPU_DDPG_Hopper/Experiment_0] Populating workers...
2017-05-14 01:23:06.859587 EDT | [Paper_Final_Averaged_DDPG_Extended/CPU_DDPG_Hopper/Experiment_0] Populated
2017-05-14 01:23:14.967093 EDT | [Paper_Final_Averaged_DDPG_Extended/CPU_DDPG_Hopper/Experiment_0] epoch #0 | Training started
2017-05-14 01:23:14.982611 EDT | [Paper_Final_Averaged_DDPG_Extended/CPU_DDPG_Hopper/Experiment_0] epoch #0 | Populating workers...
2017-05-14 01:23:14.982991 EDT | [Paper_Final_Averaged_DDPG_Extended/CPU_DDPG_Hopper/Experiment_0] epoch #0 | Populated
2017-05-14 01:24:23.864958 EDT | [Paper_Final_Averaged_DDPG_Extended/CPU_DDPG_Hopper/Experiment_0] epoch #0 | Training finished
2017-05-14 01:24:23.866232 EDT | [Paper_Final_Averaged_DDPG_Extended/CPU_DDPG_Hopper/Experiment_0] epoch #1 | Training started
2017-05-14 01:24:23.870662 EDT | [Paper_Final_Averaged_DDPG_Extended/CPU_DDPG_Hopper/Experiment_0] epoch #1 | Populating workers...
2017-05-14 01:24:23.871771 EDT | [Paper_Final_Averaged_DDPG_Extended/CPU_DDPG_Hopper/Experiment_0] epoch #1 | Populated
2017-05-14 01:25:35.356534 EDT | [Paper_Final_Averaged_DDPG_Extended/CPU_DDPG_Hopper/Experiment_0] epoch #1 | Training finished
2017-05-14 01:25:35.452430 EDT | [Paper_Final_Averaged_DDPG_Extended/CPU_DDPG_Hopper/Experiment_0] epoch #2 | Training started
2017-05-14 01:25:35.453385 EDT | [Paper_Final_Averaged_DDPG_Extended/CPU_DDPG_Hopper/Experiment_0] epoch #2 | Populating workers...
2017-05-14 01:25:35.453809 EDT | [Paper_Final_Averaged_DDPG_Extended/CPU_DDPG_Hopper/Experiment_0] epoch #2 | Populated
2017-05-14 01:26:39.137382 EDT | [Paper_Final_Averaged_DDPG_Extended/CPU_DDPG_Hopper/Experiment_0] epoch #2 | Training finished
2017-05-14 01:26:39.138542 EDT | [Paper_Final_Averaged_DDPG_Extended/CPU_DDPG_Hopper/Experiment_0] epoch #3 | Training started
2017-05-14 01:26:39.148843 EDT | [Paper_Final_Averaged_DDPG_Extended/CPU_DDPG_Hopper/Experiment_0] epoch #3 | Populating workers...
2017-05-14 01:26:39.149448 EDT | [Paper_Final_Averaged_DDPG_Extended/CPU_DDPG_Hopper/Experiment_0] epoch #3 | Populated
2017-05-14 01:27:41.649684 EDT | [Paper_Final_Averaged_DDPG_Extended/CPU_DDPG_Hopper/Experiment_0] epoch #3 | Training finished
2017-05-14 01:27:41.653211 EDT | [Paper_Final_Averaged_DDPG_Extended/CPU_DDPG_Hopper/Experiment_0] epoch #4 | Training started
2017-05-14 01:27:41.658547 EDT | [Paper_Final_Averaged_DDPG_Extended/CPU_DDPG_Hopper/Experiment_0] epoch #4 | Populating workers...
2017-05-14 01:27:41.658978 EDT | [Paper_Final_Averaged_DDPG_Extended/CPU_DDPG_Hopper/Experiment_0] epoch #4 | Populated
2017-05-14 01:28:52.119203 EDT | [Paper_Final_Averaged_DDPG_Extended/CPU_DDPG_Hopper/Experiment_0] epoch #4 | Training finished
2017-05-14 01:28:52.180492 EDT | [Paper_Final_Averaged_DDPG_Extended/CPU_DDPG_Hopper/Experiment_0] epoch #5 | Training started
2017-05-14 01:28:52.188468 EDT | [Paper_Final_Averaged_DDPG_Extended/CPU_DDPG_Hopper/Experiment_0] epoch #5 | Populating workers...
2017-05-14 01:28:52.189156 EDT | [Paper_Final_Averaged_DDPG_Extended/CPU_DDPG_Hopper/Experiment_0] epoch #5 | Populated
2017-05-14 01:30:01.975111 EDT | [Paper_Final_Averaged_DDPG_Extended/CPU_DDPG_Hopper/Experiment_0] epoch #5 | Training finished
2017-05-14 01:30:01.977183 EDT | [Paper_Final_Averaged_DDPG_Extended/CPU_DDPG_Hopper/Experiment_0] epoch #6 | Training started
2017-05-14 01:30:01.982824 EDT | [Paper_Final_Averaged_DDPG_Extended/CPU_DDPG_Hopper/Experiment_0] epoch #6 | Populating workers...
2017-05-14 01:30:01.983499 EDT | [Paper_Final_Averaged_DDPG_Extended/CPU_DDPG_Hopper/Experiment_0] epoch #6 | Populated
2017-05-14 01:30:58.846297 EDT | [Paper_Final_Averaged_DDPG_Extended/CPU_DDPG_Hopper/Experiment_0] epoch #6 | Training finished
2017-05-14 01:30:58.847916 EDT | [Paper_Final_Averaged_DDPG_Extended/CPU_DDPG_Hopper/Experiment_0] epoch #7 | Training started
2017-05-14 01:30:58.860849 EDT | [Paper_Final_Averaged_DDPG_Extended/CPU_DDPG_Hopper/Experiment_0] epoch #7 | Populating workers...
2017-05-14 01:30:58.862168 EDT | [Paper_Final_Averaged_DDPG_Extended/CPU_DDPG_Hopper/Experiment_0] epoch #7 | Populated
2017-05-14 01:32:08.000831 EDT | [Paper_Final_Averaged_DDPG_Extended/CPU_DDPG_Hopper/Experiment_0] epoch #7 | Training finished
2017-05-14 01:32:08.001336 EDT | [Paper_Final_Averaged_DDPG_Extended/CPU_DDPG_Hopper/Experiment_0] epoch #8 | Training started
2017-05-14 01:32:08.022863 EDT | [Paper_Final_Averaged_DDPG_Extended/CPU_DDPG_Hopper/Experiment_0] epoch #8 | Populating workers...
2017-05-14 01:32:08.023333 EDT | [Paper_Final_Averaged_DDPG_Extended/CPU_DDPG_Hopper/Experiment_0] epoch #8 | Populated
2017-05-14 01:33:23.101107 EDT | [Paper_Final_Averaged_DDPG_Extended/CPU_DDPG_Hopper/Experiment_0] epoch #8 | Training finished
2017-05-14 01:33:23.105865 EDT | [Paper_Final_Averaged_DDPG_Extended/CPU_DDPG_Hopper/Experiment_0] epoch #9 | Training started
2017-05-14 01:33:23.111228 EDT | [Paper_Final_Averaged_DDPG_Extended/CPU_DDPG_Hopper/Experiment_0] epoch #9 | Populating workers...
2017-05-14 01:33:23.111639 EDT | [Paper_Final_Averaged_DDPG_Extended/CPU_DDPG_Hopper/Experiment_0] epoch #9 | Populated
2017-05-14 01:34:34.500636 EDT | [Paper_Final_Averaged_DDPG_Extended/CPU_DDPG_Hopper/Experiment_0] epoch #9 | Training finished
2017-05-14 01:34:34.505985 EDT | [Paper_Final_Averaged_DDPG_Extended/CPU_DDPG_Hopper/Experiment_0] epoch #9 | Collecting samples for evaluation
2017-05-14 01:34:53.400348 EDT | -----------------------  -----------
2017-05-14 01:34:53.844366 EDT | Epoch                     9
2017-05-14 01:34:53.844751 EDT | AverageReturn            60.5159
2017-05-14 01:34:53.845010 EDT | StdReturn                18.9453
2017-05-14 01:34:53.845264 EDT | MaxReturn                77.3321
2017-05-14 01:34:53.845509 EDT | MinReturn                 8.14459
2017-05-14 01:34:53.845765 EDT | AverageEsReturn           9.43163
2017-05-14 01:34:53.846011 EDT | StdEsReturn               6.42916
2017-05-14 01:34:53.846257 EDT | MaxEsReturn              63.8229
2017-05-14 01:34:53.846500 EDT | MinEsReturn               2.09901
2017-05-14 01:34:53.846740 EDT | AverageDiscountedReturn  48.4776
2017-05-14 01:34:53.846993 EDT | AverageQLoss              3.10524
2017-05-14 01:34:53.847235 EDT | AveragePolicySurr        -2.255
2017-05-14 01:34:53.847482 EDT | AverageQ                  1.55385
2017-05-14 01:34:53.847726 EDT | AverageAbsQ               1.62067
2017-05-14 01:34:53.847968 EDT | AverageY                  0.109724
2017-05-14 01:34:53.848218 EDT | AverageAbsY               0.109724
2017-05-14 01:34:53.848460 EDT | AverageAbsQYDiff          1.52609
2017-05-14 01:34:53.848703 EDT | AverageAction             0.76121
2017-05-14 01:34:53.848945 EDT | PolicyRegParamNorm       16.0831
2017-05-14 01:34:53.849189 EDT | QFunRegParamNorm         12.5295
2017-05-14 01:34:53.849431 EDT | AverageForwardProgress    0.425829
2017-05-14 01:34:53.849663 EDT | MaxForwardProgress        0.560359
2017-05-14 01:34:53.849936 EDT | MinForwardProgress       -0.00997794
2017-05-14 01:34:53.850169 EDT | StdForwardProgress        0.160125
2017-05-14 01:34:53.850400 EDT | -----------------------  -----------
2017-05-14 01:34:53.850918 EDT | [Paper_Final_Averaged_DDPG_Extended/CPU_DDPG_Hopper/Experiment_0] epoch #10 | Training started
2017-05-14 01:34:53.853824 EDT | [Paper_Final_Averaged_DDPG_Extended/CPU_DDPG_Hopper/Experiment_0] epoch #10 | Populating workers...
2017-05-14 01:34:53.854221 EDT | [Paper_Final_Averaged_DDPG_Extended/CPU_DDPG_Hopper/Experiment_0] epoch #10 | Populated
2017-05-14 01:36:35.320459 EDT | [Paper_Final_Averaged_DDPG_Extended/CPU_DDPG_Hopper/Experiment_0] epoch #10 | Training finished
2017-05-14 01:36:35.321447 EDT | [Paper_Final_Averaged_DDPG_Extended/CPU_DDPG_Hopper/Experiment_0] epoch #10 | Collecting samples for evaluation
2017-05-14 01:37:01.613499 EDT | -----------------------  -----------
2017-05-14 01:37:01.614761 EDT | Epoch                    10
2017-05-14 01:37:01.615152 EDT | AverageReturn             5.85682
2017-05-14 01:37:01.615512 EDT | StdReturn                 1.74131
2017-05-14 01:37:01.615857 EDT | MaxReturn                10.0583
2017-05-14 01:37:01.616198 EDT | MinReturn                 2.59329
2017-05-14 01:37:01.616551 EDT | AverageEsReturn           6.82228
2017-05-14 01:37:01.616880 EDT | StdEsReturn               2.86928
2017-05-14 01:37:01.617212 EDT | MaxEsReturn              18.8408
2017-05-14 01:37:01.617539 EDT | MinEsReturn               2.7173
2017-05-14 01:37:01.617892 EDT | AverageDiscountedReturn   5.70745
2017-05-14 01:37:01.618220 EDT | AverageQLoss              0.0937413
2017-05-14 01:37:01.618547 EDT | AveragePolicySurr        -0.449309
2017-05-14 01:37:01.618876 EDT | AverageQ                  0.356513
2017-05-14 01:37:01.619273 EDT | AverageAbsQ               0.378003
2017-05-14 01:37:01.619732 EDT | AverageY                  0.33177
2017-05-14 01:37:01.620187 EDT | AverageAbsY               0.340325
2017-05-14 01:37:01.620642 EDT | AverageAbsQYDiff          0.198411
2017-05-14 01:37:01.621094 EDT | AverageAction             0.96981
2017-05-14 01:37:01.621685 EDT | PolicyRegParamNorm       16.3718
2017-05-14 01:37:01.625962 EDT | QFunRegParamNorm         12.9995
2017-05-14 01:37:01.626987 EDT | AverageForwardProgress    0.00199886
2017-05-14 01:37:01.627847 EDT | MaxForwardProgress        0.0469512
2017-05-14 01:37:01.628691 EDT | MinForwardProgress       -0.0364484
2017-05-14 01:37:01.629547 EDT | StdForwardProgress        0.010302
2017-05-14 01:37:01.630456 EDT | -----------------------  -----------
2017-05-14 01:37:01.631663 EDT | [Paper_Final_Averaged_DDPG_Extended/CPU_DDPG_Hopper/Experiment_0] epoch #11 | Training started
2017-05-14 01:37:01.663245 EDT | [Paper_Final_Averaged_DDPG_Extended/CPU_DDPG_Hopper/Experiment_0] epoch #11 | Populating workers...
2017-05-14 01:37:01.665465 EDT | [Paper_Final_Averaged_DDPG_Extended/CPU_DDPG_Hopper/Experiment_0] epoch #11 | Populated
2017-05-14 01:38:59.580696 EDT | [Paper_Final_Averaged_DDPG_Extended/CPU_DDPG_Hopper/Experiment_0] epoch #11 | Training finished
2017-05-14 01:38:59.744584 EDT | [Paper_Final_Averaged_DDPG_Extended/CPU_DDPG_Hopper/Experiment_0] epoch #11 | Collecting samples for evaluation
2017-05-14 01:39:26.968699 EDT | -----------------------  ----------
2017-05-14 01:39:26.969994 EDT | Epoch                    11
2017-05-14 01:39:26.970362 EDT | AverageReturn            18.0543
2017-05-14 01:39:26.970932 EDT | StdReturn                 3.6811
2017-05-14 01:39:26.971551 EDT | MaxReturn                35.1907
2017-05-14 01:39:26.972158 EDT | MinReturn                 8.79471
2017-05-14 01:39:26.972776 EDT | AverageEsReturn          17.1683
2017-05-14 01:39:26.973387 EDT | StdEsReturn              10.4011
2017-05-14 01:39:26.974006 EDT | MaxEsReturn              62.6779
2017-05-14 01:39:26.974625 EDT | MinEsReturn               5.36577
2017-05-14 01:39:26.975259 EDT | AverageDiscountedReturn  16.7103
2017-05-14 01:39:26.975888 EDT | AverageQLoss              0.0205416
2017-05-14 01:39:26.976599 EDT | AveragePolicySurr        -0.347837
2017-05-14 01:39:26.977420 EDT | AverageQ                  0.402547
2017-05-14 01:39:26.978271 EDT | AverageAbsQ               0.403011
2017-05-14 01:39:26.978974 EDT | AverageY                  0.40306
2017-05-14 01:39:26.979615 EDT | AverageAbsY               0.403175
2017-05-14 01:39:26.980241 EDT | AverageAbsQYDiff          0.105433
2017-05-14 01:39:26.980858 EDT | AverageAction             0.944234
2017-05-14 01:39:26.981475 EDT | PolicyRegParamNorm       16.7038
2017-05-14 01:39:26.982140 EDT | QFunRegParamNorm         13.21
2017-05-14 01:39:26.982814 EDT | AverageForwardProgress    0.058174
2017-05-14 01:39:26.983444 EDT | MaxForwardProgress        0.211955
2017-05-14 01:39:26.984085 EDT | MinForwardProgress       -0.0113575
2017-05-14 01:39:26.984710 EDT | StdForwardProgress        0.0294498
2017-05-14 01:39:26.985328 EDT | -----------------------  ----------
2017-05-14 01:39:26.986217 EDT | [Paper_Final_Averaged_DDPG_Extended/CPU_DDPG_Hopper/Experiment_0] epoch #12 | Training started
2017-05-14 01:39:27.022098 EDT | [Paper_Final_Averaged_DDPG_Extended/CPU_DDPG_Hopper/Experiment_0] epoch #12 | Populating workers...
2017-05-14 01:39:27.037899 EDT | [Paper_Final_Averaged_DDPG_Extended/CPU_DDPG_Hopper/Experiment_0] epoch #12 | Populated
2017-05-14 01:41:14.684413 EDT | [Paper_Final_Averaged_DDPG_Extended/CPU_DDPG_Hopper/Experiment_0] epoch #12 | Training finished
2017-05-14 01:41:14.689661 EDT | [Paper_Final_Averaged_DDPG_Extended/CPU_DDPG_Hopper/Experiment_0] epoch #12 | Collecting samples for evaluation
2017-05-14 01:41:39.956403 EDT | -----------------------  ----------
2017-05-14 01:41:39.958281 EDT | Epoch                    12
2017-05-14 01:41:39.958710 EDT | AverageReturn            69.1805
2017-05-14 01:41:39.959098 EDT | StdReturn                 2.13311
2017-05-14 01:41:39.959476 EDT | MaxReturn                75.3828
2017-05-14 01:41:39.959864 EDT | MinReturn                63.2757
2017-05-14 01:41:39.960245 EDT | AverageEsReturn          29.0331
2017-05-14 01:41:39.960630 EDT | StdEsReturn              17.0094
2017-05-14 01:41:39.961016 EDT | MaxEsReturn              73.1425
2017-05-14 01:41:39.961396 EDT | MinEsReturn               9.05184
2017-05-14 01:41:39.961802 EDT | AverageDiscountedReturn  55.0145
2017-05-14 01:41:39.962197 EDT | AverageQLoss              0.0123616
2017-05-14 01:41:39.962579 EDT | AveragePolicySurr        -0.480649
2017-05-14 01:41:39.962968 EDT | AverageQ                  0.444661
2017-05-14 01:41:39.963392 EDT | AverageAbsQ               0.445195
2017-05-14 01:41:39.963776 EDT | AverageY                  0.444987
2017-05-14 01:41:39.964171 EDT | AverageAbsY               0.445105
2017-05-14 01:41:39.970104 EDT | AverageAbsQYDiff          0.0809763
2017-05-14 01:41:39.970527 EDT | AverageAction             0.886075
2017-05-14 01:41:39.970933 EDT | PolicyRegParamNorm       16.9382
2017-05-14 01:41:39.971344 EDT | QFunRegParamNorm         13.5832
2017-05-14 01:41:39.971750 EDT | AverageForwardProgress    0.506573
2017-05-14 01:41:39.972154 EDT | MaxForwardProgress        0.566893
2017-05-14 01:41:39.972564 EDT | MinForwardProgress        0.445708
2017-05-14 01:41:39.972973 EDT | StdForwardProgress        0.025235
2017-05-14 01:41:39.973648 EDT | -----------------------  ----------
2017-05-14 01:41:39.974387 EDT | [Paper_Final_Averaged_DDPG_Extended/CPU_DDPG_Hopper/Experiment_0] epoch #13 | Training started
2017-05-14 01:41:40.011000 EDT | [Paper_Final_Averaged_DDPG_Extended/CPU_DDPG_Hopper/Experiment_0] epoch #13 | Populating workers...
2017-05-14 01:41:40.013658 EDT | [Paper_Final_Averaged_DDPG_Extended/CPU_DDPG_Hopper/Experiment_0] epoch #13 | Populated
2017-05-14 01:43:18.896580 EDT | [Paper_Final_Averaged_DDPG_Extended/CPU_DDPG_Hopper/Experiment_0] epoch #13 | Training finished
2017-05-14 01:43:18.898405 EDT | [Paper_Final_Averaged_DDPG_Extended/CPU_DDPG_Hopper/Experiment_0] epoch #13 | Collecting samples for evaluation
2017-05-14 01:43:37.274377 EDT | -----------------------  -----------
2017-05-14 01:43:37.275515 EDT | Epoch                     13
2017-05-14 01:43:37.275969 EDT | AverageReturn             52.2308
2017-05-14 01:43:37.276423 EDT | StdReturn                 25.3266
2017-05-14 01:43:37.276863 EDT | MaxReturn                 78.4756
2017-05-14 01:43:37.277305 EDT | MinReturn                 11.0205
2017-05-14 01:43:37.277759 EDT | AverageEsReturn           48.0587
2017-05-14 01:43:37.278195 EDT | StdEsReturn               26.7536
2017-05-14 01:43:37.278636 EDT | MaxEsReturn              132.227
2017-05-14 01:43:37.279078 EDT | MinEsReturn               13.8261
2017-05-14 01:43:37.279509 EDT | AverageDiscountedReturn   42.1813
2017-05-14 01:43:37.279937 EDT | AverageQLoss               0.0134042
2017-05-14 01:43:37.280374 EDT | AveragePolicySurr         -0.615685
2017-05-14 01:43:37.280806 EDT | AverageQ                   0.552652
2017-05-14 01:43:37.281242 EDT | AverageAbsQ                0.553113
2017-05-14 01:43:37.281677 EDT | AverageY                   0.553491
2017-05-14 01:43:37.282124 EDT | AverageAbsY                0.553505
2017-05-14 01:43:37.282554 EDT | AverageAbsQYDiff           0.0796108
2017-05-14 01:43:37.282983 EDT | AverageAction              0.881011
2017-05-14 01:43:37.283417 EDT | PolicyRegParamNorm        17.2663
2017-05-14 01:43:37.283860 EDT | QFunRegParamNorm          14.4232
2017-05-14 01:43:37.284291 EDT | AverageForwardProgress     0.361712
2017-05-14 01:43:37.284720 EDT | MaxForwardProgress         0.587179
2017-05-14 01:43:37.285147 EDT | MinForwardProgress        -0.0245465
2017-05-14 01:43:37.285576 EDT | StdForwardProgress         0.225261
2017-05-14 01:43:37.286020 EDT | -----------------------  -----------
2017-05-14 01:43:37.286682 EDT | [Paper_Final_Averaged_DDPG_Extended/CPU_DDPG_Hopper/Experiment_0] epoch #14 | Training started
2017-05-14 01:43:37.291822 EDT | [Paper_Final_Averaged_DDPG_Extended/CPU_DDPG_Hopper/Experiment_0] epoch #14 | Populating workers...
2017-05-14 01:43:37.305979 EDT | [Paper_Final_Averaged_DDPG_Extended/CPU_DDPG_Hopper/Experiment_0] epoch #14 | Populated
2017-05-14 01:45:05.438832 EDT | [Paper_Final_Averaged_DDPG_Extended/CPU_DDPG_Hopper/Experiment_0] epoch #14 | Training finished
2017-05-14 01:45:05.784927 EDT | [Paper_Final_Averaged_DDPG_Extended/CPU_DDPG_Hopper/Experiment_0] epoch #14 | Collecting samples for evaluation
2017-05-14 01:45:27.636315 EDT | -----------------------  ----------
2017-05-14 01:45:27.963075 EDT | Epoch                    14
2017-05-14 01:45:27.963520 EDT | AverageReturn            66.433
2017-05-14 01:45:27.963812 EDT | StdReturn                 2.44616
2017-05-14 01:45:27.964085 EDT | MaxReturn                73.5936
2017-05-14 01:45:27.964356 EDT | MinReturn                61.4801
2017-05-14 01:45:27.964624 EDT | AverageEsReturn          40.959
2017-05-14 01:45:27.964884 EDT | StdEsReturn              23.471
2017-05-14 01:45:27.965145 EDT | MaxEsReturn              74.5323
2017-05-14 01:45:27.965404 EDT | MinEsReturn               9.97119
2017-05-14 01:45:27.965665 EDT | AverageDiscountedReturn  53.0517
2017-05-14 01:45:27.966005 EDT | AverageQLoss              0.0151441
2017-05-14 01:45:27.966340 EDT | AveragePolicySurr        -0.75267
2017-05-14 01:45:27.966743 EDT | AverageQ                  0.669138
2017-05-14 01:45:27.967080 EDT | AverageAbsQ               0.669969
2017-05-14 01:45:27.967420 EDT | AverageY                  0.670345
2017-05-14 01:45:27.967745 EDT | AverageAbsY               0.670366
2017-05-14 01:45:27.968080 EDT | AverageAbsQYDiff          0.0811692
2017-05-14 01:45:27.968423 EDT | AverageAction             0.924549
2017-05-14 01:45:27.968752 EDT | PolicyRegParamNorm       17.6072
2017-05-14 01:45:27.969088 EDT | QFunRegParamNorm         15.35
2017-05-14 01:45:27.969429 EDT | AverageForwardProgress    0.475572
2017-05-14 01:45:27.969807 EDT | MaxForwardProgress        0.527653
2017-05-14 01:45:27.970150 EDT | MinForwardProgress        0.412948
2017-05-14 01:45:27.970476 EDT | StdForwardProgress        0.0208499
2017-05-14 01:45:27.970809 EDT | -----------------------  ----------
2017-05-14 01:45:27.971424 EDT | [Paper_Final_Averaged_DDPG_Extended/CPU_DDPG_Hopper/Experiment_0] epoch #15 | Training started
2017-05-14 01:45:27.988558 EDT | [Paper_Final_Averaged_DDPG_Extended/CPU_DDPG_Hopper/Experiment_0] epoch #15 | Populating workers...
2017-05-14 01:45:27.998265 EDT | [Paper_Final_Averaged_DDPG_Extended/CPU_DDPG_Hopper/Experiment_0] epoch #15 | Populated
2017-05-14 01:47:12.401760 EDT | [Paper_Final_Averaged_DDPG_Extended/CPU_DDPG_Hopper/Experiment_0] epoch #15 | Training finished
2017-05-14 01:47:12.403408 EDT | [Paper_Final_Averaged_DDPG_Extended/CPU_DDPG_Hopper/Experiment_0] epoch #15 | Collecting samples for evaluation
2017-05-14 01:47:36.537632 EDT | -----------------------  ----------
2017-05-14 01:47:36.538706 EDT | Epoch                    15
2017-05-14 01:47:36.539050 EDT | AverageReturn            67.9277
2017-05-14 01:47:36.539391 EDT | StdReturn                 2.43582
2017-05-14 01:47:36.539727 EDT | MaxReturn                76.481
2017-05-14 01:47:36.540045 EDT | MinReturn                62.4301
2017-05-14 01:47:36.540371 EDT | AverageEsReturn          49.9573
2017-05-14 01:47:36.540691 EDT | StdEsReturn              23.1367
2017-05-14 01:47:36.541482 EDT | MaxEsReturn              75.0505
2017-05-14 01:47:36.542405 EDT | MinEsReturn              12.3232
2017-05-14 01:47:36.543246 EDT | AverageDiscountedReturn  54.0322
2017-05-14 01:47:36.544163 EDT | AverageQLoss              0.0170171
2017-05-14 01:47:36.544948 EDT | AveragePolicySurr        -0.881527
2017-05-14 01:47:36.545854 EDT | AverageQ                  0.794605
2017-05-14 01:47:36.546648 EDT | AverageAbsQ               0.795596
2017-05-14 01:47:36.547540 EDT | AverageY                  0.795991
2017-05-14 01:47:36.548339 EDT | AverageAbsY               0.796004
2017-05-14 01:47:36.549226 EDT | AverageAbsQYDiff          0.0843145
2017-05-14 01:47:36.549999 EDT | AverageAction             0.871158
2017-05-14 01:47:36.550786 EDT | PolicyRegParamNorm       17.9952
2017-05-14 01:47:36.551681 EDT | QFunRegParamNorm         16.2422
2017-05-14 01:47:36.552648 EDT | AverageForwardProgress    0.48186
2017-05-14 01:47:36.553571 EDT | MaxForwardProgress        0.538332
2017-05-14 01:47:36.554436 EDT | MinForwardProgress        0.406679
2017-05-14 01:47:36.555338 EDT | StdForwardProgress        0.0233751
2017-05-14 01:47:36.556121 EDT | -----------------------  ----------
2017-05-14 01:47:36.557227 EDT | [Paper_Final_Averaged_DDPG_Extended/CPU_DDPG_Hopper/Experiment_0] epoch #16 | Training started
2017-05-14 01:47:36.567081 EDT | [Paper_Final_Averaged_DDPG_Extended/CPU_DDPG_Hopper/Experiment_0] epoch #16 | Populating workers...
2017-05-14 01:47:36.578828 EDT | [Paper_Final_Averaged_DDPG_Extended/CPU_DDPG_Hopper/Experiment_0] epoch #16 | Populated
2017-05-14 01:49:17.551927 EDT | [Paper_Final_Averaged_DDPG_Extended/CPU_DDPG_Hopper/Experiment_0] epoch #16 | Training finished
2017-05-14 01:49:17.675773 EDT | [Paper_Final_Averaged_DDPG_Extended/CPU_DDPG_Hopper/Experiment_0] epoch #16 | Collecting samples for evaluation
2017-05-14 01:49:37.575578 EDT | -----------------------  -----------
2017-05-14 01:49:37.988195 EDT | Epoch                     16
2017-05-14 01:49:37.988603 EDT | AverageReturn             68.7193
2017-05-14 01:49:37.988915 EDT | StdReturn                  2.41924
2017-05-14 01:49:37.989194 EDT | MaxReturn                 76.6427
2017-05-14 01:49:37.989458 EDT | MinReturn                 62.6967
2017-05-14 01:49:37.989731 EDT | AverageEsReturn           59.6336
2017-05-14 01:49:37.990026 EDT | StdEsReturn               19.8878
2017-05-14 01:49:37.990282 EDT | MaxEsReturn              105.304
2017-05-14 01:49:37.990531 EDT | MinEsReturn               14.0976
2017-05-14 01:49:37.990778 EDT | AverageDiscountedReturn   54.5548
2017-05-14 01:49:37.991030 EDT | AverageQLoss               0.020791
2017-05-14 01:49:37.991276 EDT | AveragePolicySurr         -1.02563
2017-05-14 01:49:37.991522 EDT | AverageQ                   0.925285
2017-05-14 01:49:37.991769 EDT | AverageAbsQ                0.926879
2017-05-14 01:49:37.992057 EDT | AverageY                   0.926659
2017-05-14 01:49:37.992332 EDT | AverageAbsY                0.926676
2017-05-14 01:49:37.992589 EDT | AverageAbsQYDiff           0.0904269
2017-05-14 01:49:37.992846 EDT | AverageAction              0.934815
2017-05-14 01:49:37.993136 EDT | PolicyRegParamNorm        18.3339
2017-05-14 01:49:37.993389 EDT | QFunRegParamNorm          17.2143
2017-05-14 01:49:37.993638 EDT | AverageForwardProgress     0.48506
2017-05-14 01:49:37.993892 EDT | MaxForwardProgress         0.548867
2017-05-14 01:49:37.994129 EDT | MinForwardProgress         0.430894
2017-05-14 01:49:37.994365 EDT | StdForwardProgress         0.0214463
2017-05-14 01:49:37.994599 EDT | -----------------------  -----------
2017-05-14 01:49:37.995061 EDT | [Paper_Final_Averaged_DDPG_Extended/CPU_DDPG_Hopper/Experiment_0] epoch #17 | Training started
2017-05-14 01:49:38.000201 EDT | [Paper_Final_Averaged_DDPG_Extended/CPU_DDPG_Hopper/Experiment_0] epoch #17 | Populating workers...
2017-05-14 01:49:38.000606 EDT | [Paper_Final_Averaged_DDPG_Extended/CPU_DDPG_Hopper/Experiment_0] epoch #17 | Populated
2017-05-14 01:51:02.583879 EDT | [Paper_Final_Averaged_DDPG_Extended/CPU_DDPG_Hopper/Experiment_0] epoch #17 | Training finished
2017-05-14 01:51:02.605880 EDT | [Paper_Final_Averaged_DDPG_Extended/CPU_DDPG_Hopper/Experiment_0] epoch #17 | Collecting samples for evaluation
2017-05-14 01:51:27.022448 EDT | -----------------------  ----------
2017-05-14 01:51:27.023368 EDT | Epoch                    17
2017-05-14 01:51:27.023652 EDT | AverageReturn            68.2133
2017-05-14 01:51:27.023910 EDT | StdReturn                 3.57832
2017-05-14 01:51:27.024161 EDT | MaxReturn                75.2459
2017-05-14 01:51:27.024412 EDT | MinReturn                26.6984
2017-05-14 01:51:27.024661 EDT | AverageEsReturn          50.3917
2017-05-14 01:51:27.024908 EDT | StdEsReturn              22.7708
2017-05-14 01:51:27.025158 EDT | MaxEsReturn              75.8629
2017-05-14 01:51:27.025407 EDT | MinEsReturn              10.7491
2017-05-14 01:51:27.025652 EDT | AverageDiscountedReturn  54.2653
2017-05-14 01:51:27.025913 EDT | AverageQLoss              0.0239934
2017-05-14 01:51:27.026159 EDT | AveragePolicySurr        -1.16671
2017-05-14 01:51:27.026413 EDT | AverageQ                  1.05785
2017-05-14 01:51:27.026659 EDT | AverageAbsQ               1.05995
2017-05-14 01:51:27.026903 EDT | AverageY                  1.05925
2017-05-14 01:51:27.027147 EDT | AverageAbsY               1.05925
2017-05-14 01:51:27.027391 EDT | AverageAbsQYDiff          0.0963476
2017-05-14 01:51:27.027638 EDT | AverageAction             0.886388
2017-05-14 01:51:27.027890 EDT | PolicyRegParamNorm       18.7925
2017-05-14 01:51:27.028135 EDT | QFunRegParamNorm         18.001
2017-05-14 01:51:27.028383 EDT | AverageForwardProgress    0.482477
2017-05-14 01:51:27.028625 EDT | MaxForwardProgress        0.540867
2017-05-14 01:51:27.028868 EDT | MinForwardProgress        0.0417678
2017-05-14 01:51:27.029111 EDT | StdForwardProgress        0.0359434
2017-05-14 01:51:27.029390 EDT | -----------------------  ----------
2017-05-14 01:51:27.029972 EDT | [Paper_Final_Averaged_DDPG_Extended/CPU_DDPG_Hopper/Experiment_0] epoch #18 | Training started
2017-05-14 01:51:27.039729 EDT | [Paper_Final_Averaged_DDPG_Extended/CPU_DDPG_Hopper/Experiment_0] epoch #18 | Populating workers...
2017-05-14 01:51:27.045805 EDT | [Paper_Final_Averaged_DDPG_Extended/CPU_DDPG_Hopper/Experiment_0] epoch #18 | Populated
2017-05-14 01:53:04.049289 EDT | [Paper_Final_Averaged_DDPG_Extended/CPU_DDPG_Hopper/Experiment_0] epoch #18 | Training finished
2017-05-14 01:53:04.490827 EDT | [Paper_Final_Averaged_DDPG_Extended/CPU_DDPG_Hopper/Experiment_0] epoch #18 | Collecting samples for evaluation
2017-05-14 01:53:25.368246 EDT | -----------------------  -----------
2017-05-14 01:53:25.369150 EDT | Epoch                     18
2017-05-14 01:53:25.369421 EDT | AverageReturn             68.2561
2017-05-14 01:53:25.369673 EDT | StdReturn                  2.25806
2017-05-14 01:53:25.369952 EDT | MaxReturn                 74.9563
2017-05-14 01:53:25.370198 EDT | MinReturn                 62.7926
2017-05-14 01:53:25.370459 EDT | AverageEsReturn           55.4641
2017-05-14 01:53:25.370705 EDT | StdEsReturn               26.2036
2017-05-14 01:53:25.370957 EDT | MaxEsReturn              124.997
2017-05-14 01:53:25.371199 EDT | MinEsReturn               10.3983
2017-05-14 01:53:25.371451 EDT | AverageDiscountedReturn   54.3548
2017-05-14 01:53:25.371693 EDT | AverageQLoss               0.0282526
2017-05-14 01:53:25.371934 EDT | AveragePolicySurr         -1.30543
2017-05-14 01:53:25.372174 EDT | AverageQ                   1.18895
2017-05-14 01:53:25.372414 EDT | AverageAbsQ                1.19123
2017-05-14 01:53:25.372657 EDT | AverageY                   1.1902
2017-05-14 01:53:25.372898 EDT | AverageAbsY                1.1902
2017-05-14 01:53:25.373139 EDT | AverageAbsQYDiff           0.102623
2017-05-14 01:53:25.373379 EDT | AverageAction              0.895244
2017-05-14 01:53:25.373620 EDT | PolicyRegParamNorm        19.2406
2017-05-14 01:53:25.373909 EDT | QFunRegParamNorm          18.7135
2017-05-14 01:53:25.374168 EDT | AverageForwardProgress     0.488792
2017-05-14 01:53:25.374425 EDT | MaxForwardProgress         0.567874
2017-05-14 01:53:25.374684 EDT | MinForwardProgress         0.432271
2017-05-14 01:53:25.374956 EDT | StdForwardProgress         0.0213146
2017-05-14 01:53:25.375211 EDT | -----------------------  -----------
2017-05-14 01:53:25.375681 EDT | [Paper_Final_Averaged_DDPG_Extended/CPU_DDPG_Hopper/Experiment_0] epoch #19 | Training started
2017-05-14 01:53:25.392564 EDT | [Paper_Final_Averaged_DDPG_Extended/CPU_DDPG_Hopper/Experiment_0] epoch #19 | Populating workers...
2017-05-14 01:53:25.392978 EDT | [Paper_Final_Averaged_DDPG_Extended/CPU_DDPG_Hopper/Experiment_0] epoch #19 | Populated
2017-05-14 01:54:58.979776 EDT | [Paper_Final_Averaged_DDPG_Extended/CPU_DDPG_Hopper/Experiment_0] epoch #19 | Training finished
2017-05-14 01:54:58.980702 EDT | [Paper_Final_Averaged_DDPG_Extended/CPU_DDPG_Hopper/Experiment_0] epoch #19 | Collecting samples for evaluation
2017-05-14 01:55:24.811833 EDT | -----------------------  ----------
2017-05-14 01:55:24.813102 EDT | Epoch                    19
2017-05-14 01:55:24.813576 EDT | AverageReturn            67.4852
2017-05-14 01:55:24.837943 EDT | StdReturn                 2.07919
2017-05-14 01:55:24.838499 EDT | MaxReturn                73.0151
2017-05-14 01:55:24.838962 EDT | MinReturn                63.2898
2017-05-14 01:55:24.839405 EDT | AverageEsReturn          56.391
2017-05-14 01:55:24.839853 EDT | StdEsReturn              18.4377
2017-05-14 01:55:24.840293 EDT | MaxEsReturn              74.275
2017-05-14 01:55:24.840726 EDT | MinEsReturn               8.02488
2017-05-14 01:55:24.841172 EDT | AverageDiscountedReturn  53.8972
2017-05-14 01:55:24.841611 EDT | AverageQLoss              0.0325606
2017-05-14 01:55:24.853964 EDT | AveragePolicySurr        -1.44817
2017-05-14 01:55:24.854524 EDT | AverageQ                  1.32566
2017-05-14 01:55:24.854982 EDT | AverageAbsQ               1.32825
2017-05-14 01:55:24.855425 EDT | AverageY                  1.32724
2017-05-14 01:55:24.855873 EDT | AverageAbsY               1.32724
2017-05-14 01:55:24.856316 EDT | AverageAbsQYDiff          0.110063
2017-05-14 01:55:24.856751 EDT | AverageAction             0.868059
2017-05-14 01:55:24.857191 EDT | PolicyRegParamNorm       19.6015
2017-05-14 01:55:24.857632 EDT | QFunRegParamNorm         19.3201
2017-05-14 01:55:24.858083 EDT | AverageForwardProgress    0.490916
2017-05-14 01:55:24.873852 EDT | MaxForwardProgress        0.543457
2017-05-14 01:55:24.881956 EDT | MinForwardProgress        0.443145
2017-05-14 01:55:24.882416 EDT | StdForwardProgress        0.0196457
2017-05-14 01:55:24.882772 EDT | -----------------------  ----------
2017-05-14 01:55:24.883328 EDT | [Paper_Final_Averaged_DDPG_Extended/CPU_DDPG_Hopper/Experiment_0] epoch #20 | Training started
2017-05-14 01:55:24.888328 EDT | [Paper_Final_Averaged_DDPG_Extended/CPU_DDPG_Hopper/Experiment_0] epoch #20 | Populating workers...
2017-05-14 01:55:24.905999 EDT | [Paper_Final_Averaged_DDPG_Extended/CPU_DDPG_Hopper/Experiment_0] epoch #20 | Populated
2017-05-14 01:56:55.792080 EDT | [Paper_Final_Averaged_DDPG_Extended/CPU_DDPG_Hopper/Experiment_0] epoch #20 | Training finished
2017-05-14 01:56:55.796451 EDT | [Paper_Final_Averaged_DDPG_Extended/CPU_DDPG_Hopper/Experiment_0] epoch #20 | Collecting samples for evaluation
2017-05-14 01:57:23.915450 EDT | -----------------------  ----------
2017-05-14 01:57:23.916369 EDT | Epoch                    20
2017-05-14 01:57:23.916644 EDT | AverageReturn            67.275
2017-05-14 01:57:23.916897 EDT | StdReturn                 2.20222
2017-05-14 01:57:23.917147 EDT | MaxReturn                74.2824
2017-05-14 01:57:23.917389 EDT | MinReturn                62.0625
2017-05-14 01:57:23.917673 EDT | AverageEsReturn          52.4733
2017-05-14 01:57:23.917937 EDT | StdEsReturn              23.2767
2017-05-14 01:57:23.918192 EDT | MaxEsReturn              79.4546
2017-05-14 01:57:23.918445 EDT | MinEsReturn               9.78057
2017-05-14 01:57:23.918710 EDT | AverageDiscountedReturn  53.7383
2017-05-14 01:57:23.918963 EDT | AverageQLoss              0.0357376
2017-05-14 01:57:23.919212 EDT | AveragePolicySurr        -1.579
2017-05-14 01:57:23.919461 EDT | AverageQ                  1.45432
2017-05-14 01:57:23.919722 EDT | AverageAbsQ               1.45733
2017-05-14 01:57:23.919976 EDT | AverageY                  1.45507
2017-05-14 01:57:23.920228 EDT | AverageAbsY               1.45507
2017-05-14 01:57:23.920481 EDT | AverageAbsQYDiff          0.112845
2017-05-14 01:57:23.920733 EDT | AverageAction             0.869944
2017-05-14 01:57:23.920983 EDT | PolicyRegParamNorm       19.9094
2017-05-14 01:57:23.921238 EDT | QFunRegParamNorm         19.8606
2017-05-14 01:57:23.921487 EDT | AverageForwardProgress    0.478771
2017-05-14 01:57:23.921741 EDT | MaxForwardProgress        0.526319
2017-05-14 01:57:23.922001 EDT | MinForwardProgress        0.415059
2017-05-14 01:57:23.922272 EDT | StdForwardProgress        0.0194418
2017-05-14 01:57:23.922524 EDT | -----------------------  ----------
2017-05-14 01:57:23.923197 EDT | [Paper_Final_Averaged_DDPG_Extended/CPU_DDPG_Hopper/Experiment_0] epoch #21 | Training started
2017-05-14 01:57:23.957775 EDT | [Paper_Final_Averaged_DDPG_Extended/CPU_DDPG_Hopper/Experiment_0] epoch #21 | Populating workers...
2017-05-14 01:57:23.958199 EDT | [Paper_Final_Averaged_DDPG_Extended/CPU_DDPG_Hopper/Experiment_0] epoch #21 | Populated
2017-05-14 01:59:15.496168 EDT | [Paper_Final_Averaged_DDPG_Extended/CPU_DDPG_Hopper/Experiment_0] epoch #21 | Training finished
2017-05-14 01:59:15.645895 EDT | [Paper_Final_Averaged_DDPG_Extended/CPU_DDPG_Hopper/Experiment_0] epoch #21 | Collecting samples for evaluation
2017-05-14 01:59:35.745360 EDT | -----------------------  ----------
2017-05-14 01:59:35.746330 EDT | Epoch                    21
2017-05-14 01:59:35.746712 EDT | AverageReturn            66.8927
2017-05-14 01:59:35.747070 EDT | StdReturn                 2.27121
2017-05-14 01:59:35.747425 EDT | MaxReturn                73.8266
2017-05-14 01:59:35.747782 EDT | MinReturn                60.7336
2017-05-14 01:59:35.748433 EDT | AverageEsReturn          65.546
2017-05-14 01:59:35.748864 EDT | StdEsReturn               8.90974
2017-05-14 01:59:35.754495 EDT | MaxEsReturn              79.9516
2017-05-14 01:59:35.754918 EDT | MinEsReturn              29.269
2017-05-14 01:59:35.756250 EDT | AverageDiscountedReturn  53.524
2017-05-14 01:59:35.758061 EDT | AverageQLoss              0.0375195
2017-05-14 01:59:35.761977 EDT | AveragePolicySurr        -1.72836
2017-05-14 01:59:35.762656 EDT | AverageQ                  1.59347
2017-05-14 01:59:35.763205 EDT | AverageAbsQ               1.59696
2017-05-14 01:59:35.774076 EDT | AverageY                  1.59415
2017-05-14 01:59:35.774519 EDT | AverageAbsY               1.59415
2017-05-14 01:59:35.774805 EDT | AverageAbsQYDiff          0.113518
2017-05-14 01:59:35.775066 EDT | AverageAction             0.891847
2017-05-14 01:59:35.775325 EDT | PolicyRegParamNorm       20.2401
2017-05-14 01:59:35.782145 EDT | QFunRegParamNorm         20.2829
2017-05-14 01:59:35.782494 EDT | AverageForwardProgress    0.488627
2017-05-14 01:59:35.782760 EDT | MaxForwardProgress        0.56707
2017-05-14 01:59:35.783022 EDT | MinForwardProgress        0.394536
2017-05-14 01:59:35.783285 EDT | StdForwardProgress        0.0206613
2017-05-14 01:59:35.783545 EDT | -----------------------  ----------
2017-05-14 01:59:35.784032 EDT | [Paper_Final_Averaged_DDPG_Extended/CPU_DDPG_Hopper/Experiment_0] epoch #22 | Training started
2017-05-14 01:59:35.790768 EDT | [Paper_Final_Averaged_DDPG_Extended/CPU_DDPG_Hopper/Experiment_0] epoch #22 | Populating workers...
2017-05-14 01:59:35.791165 EDT | [Paper_Final_Averaged_DDPG_Extended/CPU_DDPG_Hopper/Experiment_0] epoch #22 | Populated
2017-05-14 02:01:16.980503 EDT | [Paper_Final_Averaged_DDPG_Extended/CPU_DDPG_Hopper/Experiment_0] epoch #22 | Training finished
2017-05-14 02:01:16.981484 EDT | [Paper_Final_Averaged_DDPG_Extended/CPU_DDPG_Hopper/Experiment_0] epoch #22 | Collecting samples for evaluation
2017-05-14 02:01:34.371695 EDT | -----------------------  ----------
2017-05-14 02:01:34.377196 EDT | Epoch                    22
2017-05-14 02:01:34.377638 EDT | AverageReturn            66.6321
2017-05-14 02:01:34.378009 EDT | StdReturn                 2.23857
2017-05-14 02:01:34.378344 EDT | MaxReturn                79.1206
2017-05-14 02:01:34.378679 EDT | MinReturn                61.2527
2017-05-14 02:01:34.379013 EDT | AverageEsReturn          58.2273
2017-05-14 02:01:34.379345 EDT | StdEsReturn              19.8574
2017-05-14 02:01:34.379702 EDT | MaxEsReturn              72.7365
2017-05-14 02:01:34.380067 EDT | MinEsReturn               9.01417
2017-05-14 02:01:34.380419 EDT | AverageDiscountedReturn  53.395
2017-05-14 02:01:34.380783 EDT | AverageQLoss              0.0433476
2017-05-14 02:01:34.381160 EDT | AveragePolicySurr        -1.8608
2017-05-14 02:01:34.381545 EDT | AverageQ                  1.72403
2017-05-14 02:01:34.381959 EDT | AverageAbsQ               1.72788
2017-05-14 02:01:34.382285 EDT | AverageY                  1.72502
2017-05-14 02:01:34.382594 EDT | AverageAbsY               1.72502
2017-05-14 02:01:34.382923 EDT | AverageAbsQYDiff          0.121006
2017-05-14 02:01:34.383252 EDT | AverageAction             0.858121
2017-05-14 02:01:34.383590 EDT | PolicyRegParamNorm       20.4199
2017-05-14 02:01:34.383929 EDT | QFunRegParamNorm         20.736
2017-05-14 02:01:34.384259 EDT | AverageForwardProgress    0.492886
2017-05-14 02:01:34.384593 EDT | MaxForwardProgress        0.568519
2017-05-14 02:01:34.384926 EDT | MinForwardProgress        0.422108
2017-05-14 02:01:34.385228 EDT | StdForwardProgress        0.0212003
2017-05-14 02:01:34.385546 EDT | -----------------------  ----------
2017-05-14 02:01:34.386119 EDT | [Paper_Final_Averaged_DDPG_Extended/CPU_DDPG_Hopper/Experiment_0] epoch #23 | Training started
2017-05-14 02:01:34.422178 EDT | [Paper_Final_Averaged_DDPG_Extended/CPU_DDPG_Hopper/Experiment_0] epoch #23 | Populating workers...
2017-05-14 02:01:34.422598 EDT | [Paper_Final_Averaged_DDPG_Extended/CPU_DDPG_Hopper/Experiment_0] epoch #23 | Populated
2017-05-14 02:03:13.755866 EDT | [Paper_Final_Averaged_DDPG_Extended/CPU_DDPG_Hopper/Experiment_0] epoch #23 | Training finished
2017-05-14 02:03:14.190800 EDT | [Paper_Final_Averaged_DDPG_Extended/CPU_DDPG_Hopper/Experiment_0] epoch #23 | Collecting samples for evaluation
2017-05-14 02:03:35.523697 EDT | -----------------------  ----------
2017-05-14 02:03:35.614561 EDT | Epoch                    23
2017-05-14 02:03:35.615244 EDT | AverageReturn            67.354
2017-05-14 02:03:35.615687 EDT | StdReturn                 2.07705
2017-05-14 02:03:35.616090 EDT | MaxReturn                73.0298
2017-05-14 02:03:35.616456 EDT | MinReturn                61.6006
2017-05-14 02:03:35.616856 EDT | AverageEsReturn          57.9131
2017-05-14 02:03:35.617307 EDT | StdEsReturn              21.5703
2017-05-14 02:03:35.617779 EDT | MaxEsReturn              89.6679
2017-05-14 02:03:35.618219 EDT | MinEsReturn               8.4857
2017-05-14 02:03:35.618666 EDT | AverageDiscountedReturn  53.8763
2017-05-14 02:03:35.619074 EDT | AverageQLoss              0.0476912
2017-05-14 02:03:35.619481 EDT | AveragePolicySurr        -2.00193
